MR4110712083118    000260                                                                                                                                                                                                                                           
MR10007    0831180053005300000          1                                                                                                                                                                                                                           
MR20007               000007370010                                                0                                                                                                                                                                                 
MR3000000G080101703     0                 0000003500000000000000000002 0827181326250000000000015618   0R0000000000000000  00                                00  000000000                                                                                           
MR20007               000029878010                                                0                                                                                                                                                                                 
MR3000000G962442305     0                 0000005600000000000000000002 0827181342420000000000000298   1R0000000000000000  00                                00  000000000                                                                                           
MR20007               000029878010                                                0                                                                                                                                                                                 
MR3000000G1640924       0                 0000005500000000000000000002 0827181342290000000000045935   0R0000000000000000  00                                00  000000000                                                                                           
MR20007               000029878010                                                0                                                                                                                                                                                 
MR3000000G070085109     0                 0000005400000000000000000002 0827181340340000000000000097   7R0000000000000000  00                                00  000000000                                                                                           
MR20007               000029878010                                                0                                                                                                                                                                                 
MR3000000G070092235     0                 0000005300000000000000000002 0827181340270000000000003868   3R0000000000000000  00                                00  000000000                                                                                           
MR20007               000029878010                                                0                                                                                                                                                                                 
MR3000000G951587803     0                 0000005200000000000000000002 0827181338300000000000000945   1R0000000000000000  00                                00  000000000                                                                                           
MR20007               000029878010                                                0                                                                                                                                                                                 
MR3000000G1540880       0                 0000005100000000000000000002 0827181338100000000000013614   0R0000000000000000  00                                00  000000000                                                                                           
MR20007               000006806010                                                0                                                                                                                                                                                 
MR3000000GFC000367-01   0                 0000004600000000000000000002 0827181331440000000000000361   0R0000000000000000  00                                00  000000000                                                                                           
MR20007               000006806010                                                0                                                                                                                                                                                 
MR3000000G0000027       0                 0000004500000000000000000002 0827181334580000000000173641   0R0000000000000000  00                                00  000000000                                                                                           
MR20007               000033393010                                                0                                                                                                                                                                                 
MR3000000G04250972      0                 0000004200000000000000000002 0827181314310000000000000803   0R0000000000000000  00                                00  000000000                                                                                           
MR20007               000033393010                                                0                                                                                                                                                                                 
MR3000000G100042477     0                 0000004100000000000000000002 0827181313470000000000042432   7R0000000000000000  00                                00  000000000                                                                                           
MR20007               000014548010                                                0                                                                                                                                                                                 
MR3000000G7437369       0                 0000000100000000000000000002 0827181114360000000000022505   0R0000000000000000  00                                00  000000000                                                                                           
MR20007               000007370010                                                0                                                                                                                                                                                 
MR3000000G080101673     0                 0000003600000000000000000002 0827181326320000000000000246   7R0000000000000000  00                                00  000000000                                                                                           
MR20007               000029878010                                                0                                                                                                                                                                                 
MR3000000G172501756     0                 0000005900000000000000000002 0827181345180000000000000178   0R0000000000000000  00                                00  000000000                                                                                           
MR20007               000007370010                                                0                                                                                                                                                                                 
MR3000000G081525508     0                 0000003400000000000000000002 0827181325020000000000004319   4R0000000000000000  00                                00  000000000                                                                                           
MR20007               000007370010                                                0                                                                                                                                                                                 
MR3000000G13MC179121    0                 0000003300000000000000000002 0827181323570000000000001698   0R0000000000000000  00                                00  000000000                                                                                           
MR20007               000007370010                                                0                                                                                                                                                                                 
MR3000000G17MC231614    0                 0000003200000000000000000002 0827181322160000000000000696   0R0000000000000000  00                                00  000000000                                                                                           
MR20007               000007370010                                                0                                                                                                                                                                                 
MR3000000G989315106     0                 0000003100000000000000000002 0827181320080000000000051597   0R0000000000000000  00                                00  000000000                                                                                           
MR20007               000007370010                                                0                                                                                                                                                                                 
MR3000000G989237906     0                 0000003000000000000000000002 0827181319570000000000005173   4R0000000000000000  00                                00  000000000                                                                                           
MR20007               000033662010                                                0                                                                                                                                                                                 
MR3000000G15756931      0                 0000001500000000000000000002 0827181130240000000000000178   4R0000000000000000  00                                00  000000000                                                                                           
MR20007               000033662010                                                0                                                                                                                                                                                 
MR3000000G15748129      0                 0000001400000000000000000002 0827181130170000000000002561   0R0000000000000000  00                                00  000000000                                                                                           
MR20007               000033662010                                                0                                                                                                                                                                                 
MR3000000G950442903     0                 0000001300000000000000000002 0827181129370000000000002418   0R0000000000000000  00                                00  000000000                                                                                           
MR20007               000033662010                                                0                                                                                                                                                                                 
MR3000000G800498496     0                 0000001200000000000000000002 0827181127350000000000012374   0R0000000000000000  00                                00  000000000                                                                                           
MR20007               000033662010                                                0                                                                                                                                                                                 
MR3000000G100009699     0                 0000001100000000000000000002 0827181125500000000000022406   0R0000000000000000  00                                00  000000000                                                                                           
MR20007               000033662010                                                0                                                                                                                                                                                 
MR3000000G100008535     0                 0000001000000000000000000002 0827181125410000000000018863   4R0000000000000000  00                                00  000000000                                                                                           
MR20007               000033393010                                                0                                                                                                                                                                                 
MR3000000G100043362     0                 0000004000000000000000000002 0827181313330000000000113101   0R0000000000000000  00                                00  000000000                                                                                           
MR20007               000003271010                                                0                                                                                                                                                                                 
MR3000000G12211643      0                 0000008000000000000000000002 0827181417350000000000096765   0R0000000000000000  00                                00  000000000                                                                                           
MR20007               000000283010                                                0                                                                                                                                                                                 
MR3000000G912128400     0                 0000011000000000000000000002 0827181425210000000000532821   0R0000000000000000  00                                00  000000000                                                                                           
MR20007               000000283010                                                0                                                                                                                                                                                 
MR3000000G080136933a    0                 0000010600000000000000000002 0827181427020000000000000725   7R0000000000000000  00                                00  000000000                                                                                           
MR20007               000000283010                                                0                                                                                                                                                                                 
MR3000000G080146919     0                 0000010500000000000000000002 0827181426540000000000000285   4R0000000000000000  00                                00  000000000                                                                                           
MR20007               000064420010                                                0                                                                                                                                                                                 
MR3000000G13033909      0                 0000010100000000000000000002 0827181428390000000000464624   0R0000000000000000  00                                00  000000000                                                                                           
MR20007               000064420010                                                0                                                                                                                                                                                 
MR3000000G1540862       0                 0000010000000000000000000002 0827181428270000000000028805   0R0000000000000000  00                                00  000000000                                                                                           
MR20007               000001069010                                                0                                                                                                                                                                                 
MR3000000G080013184     0                 0000009300000000000000000002 0827181435280000000000035001   0R0000000000000000  00                                00  000000000                                                                                           
MR20007               000001069010                                                0                                                                                                                                                                                 
MR3000000G080013077     0                 0000009200000000000000000002 0827181435220000000000272899   0R0000000000000000  00                                00  000000000                                                                                           
MR20007               000001069010                                                0                                                                                                                                                                                 
MR3000000G9452915-03    0                 0000009100000000000000000002 0827181434030000000000030631   0R0000000000000000  00                                00  000000000                                                                                           
MR20007               000001069010                                                0                                                                                                                                                                                 
MR3000000G9462520-03    0                 0000009000000000000000000002 0827181433530000000000177288   7R0000000000000000  00                                00  000000000                                                                                           
MR20007               000003271010                                                0                                                                                                                                                                                 
MR3000000G13008043      0                 0000008500000000000000000002 0827181422400000000000443528   0R0000000000000000  00                                00  000000000                                                                                           
MR20007               000003271010                                                0                                                                                                                                                                                 
MR3000000G120121478     0                 0000008400000000000000000002 0827181422330000000000025116   0R0000000000000000  00                                00  000000000                                                                                           
MR20007               000029878010                                                0                                                                                                                                                                                 
MR3000000G1640927       0                 0000005700000000000000000002 0827181344060000000000056121   0R0000000000000000  00                                00  000000000                                                                                           
MR20007               000003271010                                                0                                                                                                                                                                                 
MR3000000G120075696     0                 0000008100000000000000000002 0827181417460000000000294803   0R0000000000000000  00                                00  000000000                                                                                           
MR20007               000029878010                                                0                                                                                                                                                                                 
MR3000000G977297805     0                 0000005800000000000000000002 0827181344350000000000004036   4R0000000000000000  00                                00  000000000                                                                                           
MR20007               000003241010                                                0                                                                                                                                                                                 
MR3000000G080013081     0                 0000007100000000000000000002 0827181410300000000000450890   0R0000000000000000  00                                00  000000000                                                                                           
MR20007               000003241010                                                0                                                                                                                                                                                 
MR3000000G0840534       0                 0000007000000000000000000002 0827181410130000000000031482   0R0000000000000000  00                                00  000000000                                                                                           
MR20007               000072940010                                                0                                                                                                                                                                                 
MR3000000G13033891      0                 0000006700000000000000000002 0827181408340000000000040879   0R0000000000000000  00                                00  000000000                                                                                           
MR20007               000072940010                                                0                                                                                                                                                                                 
MR3000000G0840526       0                 0000006600000000000000000002 0827181401590000000000029198   0R0000000000000000  00                                00  000000000                                                                                           
MR20007               000072940010                                                0                                                                                                                                                                                 
MR3000000G080000395     0                 0000006500000000000000000002 0827181401480000000000071836   0R0000000000000000  00                                00  000000000                                                                                           
MR20007               000072940010                                                0                                                                                                                                                                                 
MR3000000G090043448     0                 0000006400000000000000000002 0827181353080000000004534122   0R0000000000000000  00                                00  000000000                                                                                           
MR20007               000072940010                                                0                                                                                                                                                                                 
MR3000000G1440823       0                 0000006300000000000000000002 0827181352550000000000063836   0R0000000000000000  00                                00  000000000                                                                                           
MR20007               000061230010                                                0                                                                                                                                                                                 
MR3000000G080136932     0                 0000006200000000000000000002 0827181351090000000000065476   0R0000000000000000  00                                00  000000000                                                                                           
MR20007               000061230010                                                0                                                                                                                                                                                 
MR3000000G080146913     0                 0000006100000000000000000002 0827181351000000000000027225   0R0000000000000000  00                                00  000000000                                                                                           
MR20007               000072940010                                                0                                                                                                                                                                                 
MR3000000G085672126     0                 0000006000000000000000000002 0827181348370000000000094258   7R0000000000000000  00                                00  000000000                                                                                           
MR20007               000000283010                                                0                                                                                                                                                                                 
MR3000000G17MR03100003480                 0000011100000000000000000002 0827181430230000000000000109   0R0000000000000000  00                                00  000000000                                                                                           
MR20007               000003271010                                                0                                                                                                                                                                                 
MR3000000G17705973      0                 0000008200000000000000000002 0827181414460000000000195722   0R0000000000000000  00                                00  000000000                                                                                           
MR50007    08311800530053000000000000          1                                                                                                                                                                                                                    
MR9110712083118    00010000530000530000                                                                                                                                                                                                                             
